# load settings
f04110 00006b 120100 000000 000000 000000 000000 000000 000000 000000 000000 000000 000000 000000 000000 000001 010100 060000 000000 000102 030805 000009 090b08 000e09 182c0e 0a0200 000001 030f00 000202 000066 182020 2e2e1b 1b2900 181802 0f0f01 010000 010100 000101 0a0a45 452424 181853 530000 080843 433f3f 48484c 4c5454 2e2e0c 0c1e1e 10101c 1c1216 1c1c09 090707 080803 030a09 0d0d34 2b2929 343429 293030 2b2b06 060202 070703 030909 040400 010101 01000c 000c00 0c000c 000000 000000 000000 000000 000000 000000 000000 000000 000000 000000 000004 000000 040000 000400 000004 000000 040000 000400 000004 000000 040000 000400 000004 000000 040000 000400 000000 000000 080000 000000 000008 000000 040000 000400 000004 000000 040000 000400 000004 000000 040000 000400 000004 000000 040000 000400 000004 000000 000000 000800 000000 000000 080000 000400 000004 000000 040000 000400 000004 000000 040000 
000400 000004 000000 040000 000400 000004 000000 040000 000000 000008 000000 000000 000800 000004 000000 040000 000400 000004 000000 040000 000400 000004 000000 040000 000400 000004 000000 040000 000400 000000 000000 080000 000000 000008 000000 020000 000000 020000 000000 020000 000000 020000 000000 020000 000000 020000 000000 020000 000000 020000 000000 020000 000000 020000 000000 020000 000000 020000 000000 020000 000000 020000 000000 020000 000000 020000 000000 020000 000000 020000 000000 020000 000000 020000 000000 020000 000000 020000 000000 020000 000000 020000 000000 020000 000000 020000 000000 020000 000000 020000 000000 020000 000000 020000 000000 020000 000000 020000 000000 020000 000000 020000 000000 020000 000000 020000 000000 020000 000000 020000 000000 020000 000000 020000 000000 020000 000000 020000 000000 020000 000000 020000 000000 020000 000000 020000 000000 020000 
000000 020000 000000 020000 000000 020000 000000 020000 000000 020000 000000 020000 000000 020000 000000 020000 000000 020000 000000 020000 000000 020000 000000 020000 000000 020000 000000 020000 000000 020000 000000 020000 000000 020000 000000 000000 000000 000000 000000 000000 000000 000000 000000 000000 000000 000000 000000 000000 000000 000000 000000 000000 000000 000000 000000 000000 000000 000000 000000 000000 000000 000000 000000 000000 000000 000000 000000 0f010f 010f01 0f0100 000000 000000 000000 000000 000000 000000 000000 000000 000000 080000 000000 000008 000000 000000 000800 000000 000000 080000 000000 000008 000000 000000 000800 000000 000000 080000 000000 000008 000000 000000 000800 000000 000000 080000 000000 000008 000000 000000 000800 000000 000000 080000 000000 000008 000000 000000 000800 000000 000000 080000 000000 000008 000000 000000 000800 000000 000000 080000 
000000 000008 000000 020000 000000 020000 000000 020000 000000 020000 000000 020000 000000 020000 000000 020000 000000 020000 000000 020000 000000 020000 000000 020000 000000 020000 000000 020000 000000 020000 000000 020000 000000 020000 000000 020000 000000 020000 000000 020000 000000 020000 000000 020000 000000 020000 000000 020000 000000 020000 000000 020000 000000 020000 000000 020000 000000 020000 000000 020000 000000 020000 000000 020000 000000 020000 000000 020000 000000 020000 000000 020000 000000 020000 000000 020000 000000 020000 000000 020000 000000 020000 000000 010101 010200 000000 000200 000000 000200 000000 000200 000000 000200 000000 000200 000000 000200 000000 000200 000000 000200 000000 000000 000001 010101 020000 000000 020000 000000 020000 000000 020000 000000 020000 000000 020000 000000 020000 000000 020000 000000 0bf7


# active meter received
f04110 00006b 12000a 000001 75f7
f04110 00006b 12000a 000001 75f7
f04110 00006b 12000a 000100 070002 000100 010001 000100 020003 000000 000003 000300 070000 000100 010000 000000 030003 000000 000000 000000 010001 000100 010000 000000 000000 000000 000000 000000 000000 7f7f7f 7f7f7f 7f7f7f 7f7f7f 7f7f7f 7f7f7f 7f7f7f 7f7f7f 7f7f00 007f7f 7f7f00 000000 7f7f7f 7f0000 000000 000000 6cf7
f04110 00006b 12000a 010100 000000 000000 0074f7
f04110 00006b 12000a 000100 070002 000100 010002 000100 020003 000000 000003 000300 070000 000100 010000 000000 030003 000000 000000 000000 010001 000000 010000 000000 000000 000000 000000 000000 000000 7f7f7f 7f7f7f 7f7f7f 7f7f7f 7f7f7f 7f7f7f 7f7f7f 7f7f7f 7f7f00 007f7f 7f7f00 000000 7f7f7f 7f0000 000000 000000 6cf7
f04110 00006b 12000a 010100 000000 000000 0074f7
f04110 00006b 12000a 000100 060002 000100 010001 000100 020002 000100 000003 000300 060000 000100 010000 000000 020002 000000 000000 000000 000001 000100 010000 000000 000000 000000 000000 000000 000000 7f7f7f 7f7f7f 7f7f7f 7f7f7f 7f7f7f 7f7f7f 7f7f7f 7f7f7f 7f7f00 007f7f 7f7f00 000000 7f7f7f 7f0000 000000 000000 71f7
f04110 00006b 12000a 010100 000000 000000 0074f7
f04110 00006b 12000a 000100 070002 000200 010001 000100 030002 000000 000003 000300 070000 000200 010000 000000 030003 000000 000000 000000 000001 000100 010000 000000 000000 000000 000000 000000 000000 7f7f7f 7f7f7f 7f7f7f 7f7f7f 7f7f7f 7f7f7f 7f7f7f 7f7f7f 7f7f00 007f7f 7f7f00 000000 7f7f7f 7f0000 000000 000000 6bf7
f04110 00006b 12000a 010100 000000 000000 0074f7
f04110 00006b 12000a 000100 080002 000100 010002 000200 030003 000000 000003 000300 080000 000100 010000 000000 030004 000000 000000 000000 010001 000100 010000 000000 000000 000000 000000 000000 000000 7f7f7f 7f7f7f 7f7f7f 7f7f7f 7f7f7f 7f7f7f 7f7f7f 7f7f7f 7f7f00 007f7f 7f7f00 000000 7f7f7f 7f0000 000000 000000 66f7
f04110 00006b 12000a 010100 000000 000000 0074f7
# with noise on channel 1
f04110 00006b 12000a 00010d 120002 000100 010002 000200 030003 000100 00040a 03670b 6b0000 000100 010000 000000 030003 000000 00053a 050c00 010001 000100 010000 000000 000000 000000 000000 000000 000000 7f7f7f 7f7f7f 7f7f7f 7f7f7f 7f7f7f 7f7f7f 7f7f7f 7f7f7f 7f7f00 007f7f 7f7f00 000000 7f7f7f 7f0000 00005e 285a29 16f7
f04110 00006b 12000a 010100 000000 000000 0074f7
f04110 00006b 12000a 00010c 2a0002 000100 010002 000200 030003 000000 00041a 037809 350000 000100 010000 000000 040003 000000 000573 054000 010001 000100 010000 000000 000000 000000 000000 000000 000000 7f7f7f 7f7f7f 7f7f7f 7f7f7f 7f7f7f 7f7f7f 7f7f7f 7f7f7f 7f7f00 007f7f 7f7f00 000000 7f7f7f 7f0000 00007f 7f786e 4ef7
f04110 00006b 12000a 010100 000000 000000 0074f7
