



40

















































08





































08



























































































































































0200000077010001

0000000077010001

0100000077010001

0200000077010001



14f041101400006b141101001400000014000b601614f700

14f04110

1400006b

141201001400000014000000140000001400000014000000140000001400000014000000140000001400000014000000

140000021400000114010100140600001400000014000102140308051400000914090b0814000e0914182c0e140000001400000114030f00140002021400006614662020142e2e1b141b290014181800140f0f01140100001401010014000101140a0a451445242414181853145300001408084314433f3f1448484c144c5454142e2e0c140c1e1e1410101c141c1216141c1c09140907071408080314030a09140d0d34143429291434342914293030142b2b0614060202140707031403090914040403140101011401000c14000c00140c000c14000000140000001400000014000000140000001400000014000000140000001400000014000000140000041400000014040000140004001400000414000000140400001400040014000004140000001404000014000400140000041400000014040000140004001400000014000000140800001400000014000008

14000000140400001400040014000004140000001404000014000400140000041400000014040000140004001400000414000000140400001400040014000004140000001400000014000800140000001400000014080000140004001400000414000000140400001400040014000004140000001404000014000400140000041400000014040000140004001400000414000000140400001400000014000008140000001400000014000800140000041400000014040000140004001400000414000000140400001400040014000004140000001404000014000400140000041400000014040000140004001400000014000000140800001400000014000008140000001400000014000000140000001400000014010c01140107061402000014000000140200001400000014020000140000001402000014000000140200001400000014020000

14000000140200001400000014020000140000001402000014000000140200001400000014020000140000001402000014000000140200001400000014020000140000001402000014000000140200001400000014020000140000001402000014000000140200001400000014020000140000001402000014000000140200001400000014020000140000001402000014000000140200001400000014020000140000001402000014000000140200001400000014020000140000001402000014000000140200001400000014020000140000001402000014000000140200001400000014020000140000001402000014000000140200001400000014020000140000001402000014000000140200001400000014020000140000001402000014000000140200001400000014020000140000001402000014000000140200001400000014020000

14000000140200001400000014020000140000001402000014000000140200001400000014020000140000001402000014000000140200001400000014020000140000001402000014000000140200001400000014020000140000001402000014000000140200001400000014020000140000001400000014000000140000001400000014000000140000001400000014000000140000001400000014000000140000001400000014000000140000001400000014000000140000001400000014000000140000001400000014000000140000001400000014000000140000001400000014000000140000001400000014000000140f010f14010f01140f010014000000140000001400000014000000140000001400000014000000140000001400000014080000140000001400000814000000140000001400080014000000140000001408000014000000

140000081400000014000000140008001400000014000000140800001400000014000008140000001400000014000800140000001400000014080000140000001400000814000000140000001400080014000000140000001408000014000000140000081400000014000000140008001400000014000000140800001400000014000008140000001400000014000800140000001400000014080000140000001400000814000000140200001400000014020000140000001402000014000000140200001400000014020000140000001402000014000000140200001400000014020000140000001402000014000000140200001400000014020000140000001402000014000000140200001400000014020000140000001402000014000000140200001400000014020000140000001402000014000000140200001400000014020000

140000001402000014000000140200001400000014020000140000001402000014000000140200001400000014020000140000001402000014000000140200001400000014020000140000001402000014000000140200001400000014020000140000001402000014000000140200001400000014020000140000001402000014000000140200001400000014020000140000001402000014000000140200001400000014010101140102001400000014000200140000001400020014000000140002001400000014000200140000001400020014000000140002001400000014000200140000001400020014000000140000001400000114010101140200001400000014020000140000001402000014000000140200001400000014020000140000001402000014000000140200001400000014020000140000001627f700


0000000077010001

0100000077010001

0200000077010001

0000000077010001

0100000077010001

0200000077010001

0000000077010001

0100000077010001

0200000077010001

0000000077010001

0100000077010001

0200000077010001

0000000077010001

0100000077010001

0200000077010001

0000000077010001

0100000077010001

0200000077010001

0000000077010001

0100000077010001

0200000077010001

0000000077010001

0100000077010001

0200000077010001

0000000077010001

0100000077010001

0200000077010001

0000000077010001

0100000077010001

0200000077010001

0000000077010001

0100000077010001

0200000077010001

0000000077010001

0100000077010001

0200000077010001

0000000077010001

0100000077010001

0200000077010001

0000000077010001

0100000077010001

0200000077010001

0000000077010001

0100000077010001

0200000077010001

0000000077010001

0100000077010001

0200000077010001

0000000077010001

0100000077010001

0200000077010001

0000000077010001

0100000077010001

0200000077010001

0000000077010001

0100000077010001

0200000077010001

0000000077010001

0100000077010001

0200000077010001

0000000077010001

0100000077010001

0200000077010001

0000000077010001

0100000077010001

0200000077010001

0000000077010001

0100000077010001

0200000077010001
14f04110

1400006b

1412000214000000167ef700


0000000077010001

0100000077010001

0200000077010001

0000000077010001

0100000077010001

0200000077010001
10























