adjusted settings:
patch bay
	1/2  mix A
	3/4  mix B
	5/6  mix C
	7/8  mix D
	9/10 mix A

preamp 1-8
	sens 0.5 to 4.0
	hi-z   on
	phase  on on on off on off off on
	lo-cut on on off on on off on off
	+48v  off on off on off on off on

	comp on
	threshold -30 -31 -32 -33 -34 -35 -36 -37
	gain 1 2 3 4 5 6 7 8
	gate -67 -66 -65 -64 -63 -62 -61 -60
	att 25 30 35 40 45 50 55 60
	rel 190 180 170 160 150 140 130 120
	ratio spans the range

auto sens selected 1

reverb
type off 0
delay 20
time 2.5
channels 1-10 -69 db ascending
return -20 db?

mix A
pan 1-8 center
pan 9 left
pan 10 right
volume 1-10 +0 db
master +0 db

F0 41 10 00 00 4D 12 01 00 00 00
00 00 02 00 01
00 01 02 03 00 # patchbay
00 # reverb type
00 05 00 05 08 # pre-delay
00 11 08 1D 27 # reverb time
0A 0A          # +48 1-4, 5-8
0B 05          # lo-cut
07 09          # phase
03             # hi-z 
00
01 02 03 04 05 06 07 08 # sens
00                      # stereo 1-8
0F 0F                   # comp 1-4, 5-8
03 04 05 06 07 08 09 0A # gate
0A 0B 0C 0D 0E 0F 10 11 # attack
1D 1C 1B 1A 19 18 17 16 # release
14 13 12 11 10 0F 0E 0D # threshold
00 01 02 03 04 06 07 08 # ratio
33 34 35 36 37 38 39 3A # gain
00 01 00 01 00 01 00 01 # stereo A 1-8,9-10; B 1-8,9-10; C 1-8,9-10; D 1-8,9-10
00 00 00 00 00 00 00 00
00 00 00 # solo A
00 00 00 # solo B
00 00 00 # solo C
00 00 00 # solo D
00 00 00 # mute A
00 00 00 # mute B
00 00 00 # mute C
00 00 00 # mute D
03 0E 09 07 04 01 04 07 # pan A
03 0D 05 00 04 02 08 0E
04 03 0D 05 03 0C 00 09
03 08 03 04 04 08 0F 01
00 0C 0C 06 07 03 01 08
04 00 00 00 04 00 00 00 # pan B
04 00 00 00 04 00 00 00
04 00 00 00 04 00 00 00
04 00 00 00 04 00 00 00
00 01 04 07 07 0D 05 00
04 00 00 00 04 00 00 00 # pan C
04 00 00 00 04 00 00 00
04 00 00 00 04 00 00 00
04 00 00 00 04 00 00 00
00 00 00 00 08 00 00 00
04 00 00 00 04 00 00 00 # pan D
04 00 00 00 04 00 00 00
04 00 00 00 04 00 00 00
04 00 00 00 04 00 00 00
00 00 00 00 08 00 00 00
02 03 0E 07 09 03 01 0C 08 05 02 00 # volume A
02 08 04 09 01 0D 01 09 06 0B 02 03
02 0D 03 03 08 02 01 04 03 00 0C 0D
03 0F 0D 09 03 00 00 0A 01 0E 08 09
07 0F 0F 0F 0F 0F 07 0F 0F 0F 0F 0F
02 00 00 00 00 00 02 00 00 00 00 00 # volume B
02 00 00 00 00 00 02 00 00 00 00 00
02 00 00 00 00 00 02 00 00 00 00 00
02 00 00 00 00 00 02 00 00 00 00 00
07 0F 0F 0F 0F 0F 07 0F 0F 0F 0F 0F
02 00 00 00 00 00 02 00 00 00 00 00 # volume C
02 00 00 00 00 00 02 00 00 00 00 00
02 00 00 00 00 00 02 00 00 00 00 00
02 00 00 00 00 00 02 00 00 00 00 00
02 00 00 00 00 00 02 00 00 00 00 00
02 00 00 00 00 00 02 00 00 00 00 00 # volme D
02 00 00 00 00 00 02 00 00 00 00 00
02 00 00 00 00 00 02 00 00 00 00 00
02 00 00 00 00 00 02 00 00 00 00 00
02 00 00 00 00 00 02 00 00 00 00 00
00 00 00 02 09 07 00 00 00 02 0E 08 # reverb send
00 00 00 03 04 02 00 00 00 03 0A 08
00 00 00 04 01 0B 00 00 00 04 09 0B
00 00 00 05 02 0B 00 00 00 05 0C 0C
00 00 00 07 04 0D 00 00 00 07 04 0D
0F 01 0F 01 0F 01 0F 01 # DAW stereo
00 00 00 00 00 00 00 00
00 00 00 # daw A solo
00 00 00 # daw B solo
00 00 00 # daw C solo
00 00 00 # daw D solo
00 00 00 # daw A mute
00 00 00 # daw B mute
00 00 00 # daw C mute
00 00 00 # daw D mute
00 00 00 00 08 00 00 00 # DAW A pan
00 00 00 00 08 00 00 00
00 00 00 00 08 00 00 00
00 00 00 00 08 00 00 00
00 00 00 00 08 00 00 00
00 00 00 00 08 00 00 00 # DAW B pan
00 00 00 00 08 00 00 00
00 00 00 00 08 00 00 00
00 00 00 00 08 00 00 00
00 00 00 00 08 00 00 00
00 00 00 00 08 00 00 00 # DAW C pan
00 00 00 00 08 00 00 00
00 00 00 00 08 00 00 00
00 00 00 00 08 00 00 00
00 00 00 00 08 00 00 00
00 00 00 00 08 00 00 00 # DAW D pan
00 00 00 00 08 00 00 00
00 00 00 00 08 00 00 00
00 00 00 00 08 00 00 00
00 00 00 00 08 00 00 00
02 00 00 00 00 00 02 00 00 00 00 00 # DAW A volume
02 00 00 00 00 00 02 00 00 00 00 00
02 00 00 00 00 00 02 00 00 00 00 00
02 00 00 00 00 00 02 00 00 00 00 00
02 00 00 00 00 00 02 00 00 00 00 00
02 00 00 00 00 00 02 00 00 00 00 00 # DAW B volume
02 00 00 00 00 00 02 00 00 00 00 00
02 00 00 00 00 00 02 00 00 00 00 00
02 00 00 00 00 00 02 00 00 00 00 00
02 00 00 00 00 00 02 00 00 00 00 00
02 00 00 00 00 00 02 00 00 00 00 00 # DAW C volume
02 00 00 00 00 00 02 00 00 00 00 00
02 00 00 00 00 00 02 00 00 00 00 00
02 00 00 00 00 00 02 00 00 00 00 00
02 00 00 00 00 00 02 00 00 00 00 00
02 00 00 00 00 00 02 00 00 00 00 00 # DAW D volume
02 00 00 00 00 00 02 00 00 00 00 00
02 00 00 00 00 00 02 00 00 00 00 00
02 00 00 00 00 00 02 00 00 00 00 00
02 00 00 00 00 00 02 00 00 00 00 00
01 01 01 01                         # master input A,B,C,D stereo
02 00 00 00 00 00 02 00 00 00 00 00 # monitor A volume
02 00 00 00 00 00 02 00 00 00 00 00 # monitor B volume
02 00 00 00 00 00 02 00 00 00 00 00 # monitor C volume
02 00 00 00 00 00 02 00 00 00 00 00 # monitor D volume
01 00 00 09 0B 09 # reverb return
00 00 00 00 # master link A,B,C,D
00 00 00 00
01 01 01 01 # master DAW stereo
02 00 00 00 00 00 02 00 00 00 00 00 # DAW A volume
02 00 00 00 00 00 02 00 00 00 00 00 # DAW B volume
02 00 00 00 00 00 02 00 00 00 00 00 # DAW C volume
02 00 00 00 00 00 02 00 00 00 00 00 # DAW D volume
5F F7
