1:
01000506070803000009090b000e09182c00000000
000000000000000000000000000000

2:f0411000004d11 01000000 0000087a 7df7

1:
000000 000000 000009 090909 090909 091e1e 1e1e1e 1e1e1e
1e1e1e 1e1e1e 1e1e05 050505 050505 053232 323232 323232
000100 010001 000100 000000 000000 000000 000000 000000
000000 000000 000000 000000 000000 000400 000004 000000
040000 000400 000004 000000 040000 000400 000004 000000
000000 000800 000004 000000 040000 000400 000004 000000
040000 000400 000004 000000 040000 000000 000008 000000
040000 000400 000004 000000 040000 000400 000004 000000
040000 000400 000000 000000 080000 000400 000004 000000
040000 000400 000004 000000 040000 000400 000004 000000
000000 000800 000002 000000 000002 000000 000002 000000
000002 000000 000002 000000 000002 000000 000002 000000
000002 000000 000002 000000 000002 000000 000002 000000
000002 000000 000002 000000 000002 000000 000002 000000
000002 000000 000002 000000 000002 000000 000002 000000
000002 000000 000002 000000 000002 000000 000002 000000
000002 000000 000002 000000 000002 000000 000002 000000
000002 000000 000002 000000 000002 000000 000002 000000
000002 000000 000002 000000 000002 000000 000002 000000
000002 000000 000002 000000 000002 000000 000002 000000
000002 000000 000000 000000 000000 000000 000000 000000
000000 000000 000000 000000 000000 000000 000000 000000
000000 000000 000000 000000 000000 000000 00000f 010f01
0f010f 010000 000000 000000 000000 000000 000000 000000
000000 000000 000000 000000 000000 000800 000000 000000
080000 000000 000008 000000 000000 000800 000000 000000
080000 000000 000008 000000 000000 000800 000000 000000
080000 000000 000008 000000 000000 000800 000000 000000
080000 000000 000008 000000 000000 000800 000000 000000
080000 000000 000008 000000 000000 000800 000000 000000
080000 000000 000008 000000 000000 000800 000000 000000
080000 000200 000000 000200 000000 000200 000000 000200
000000 000200 000000 000200 000000 000200 000000 000200
000000 000200 000000 000200 000000 000200 000000 000200
000000 000200 000000 000200 000000 000200 000000 000200
000000 000200 000000 000200 000000 000200 000000 000200
000000 000200 000000 000200 000000 000200 000000 000200
000000 000200 000000 000200 000000 000200 000000 000200
000000 000200 000000 000200 000000 000200 000000 000200
000000 000200 000000 000200 000000 000200 000000 000200
000000 000200 000000 000200 000000 000200 000000 000200
000000 000101 010102 000000 000002 000000 000002 000000
000002 000000 000002 000000 000002 000000 000002 000000
000002 000000 000002 000000 000000 000000 000000 000101
010102 000000 000002 000000 000002 000000 000002 000000
000002 000000 000002 000000 000002 000000 000002 000000
000039 f70039

2:f0411000004d12 01000000
          00000200010005
06070803000009090b000e09
182c00000000000000000000
000000000000000000000000
000000000009090909090909
091e1e1e1e1e1e1e1e1e1e1e
1e1e1e1e1e05050505050505
053232323232323232000100
010001000100000000000000
000000000000000000000000
000000000000000000000000
000400000004000000040000
000400000004000000040000
000400000004000000000000
000800000004000000040000
000400000004000000040000
000400000004000000040000
000000000008000000040000
000400000004000000040000
000400000004000000040000
000400000000000000080000
000400000004000000040000
000400000004000000040000
000400000004000000000000
000800000002000000000002
000000000002000000000002
000000000002000000000002
000000000002000000000002
000000000002000000000002
000000000002000000000002
000000000002000000000002
000000000002000000000002
000000000002000000000002
000000000002000000000002
000000000002000000000002
000000000002000000000002
000000000002000000000002
000000000002000000000002
000000000002000000000002
000000000002000000000002
000000000002000000000002
000000000002000000000002
000000000002000000000002
000000000002000000000002
000000000000000000000000
000000000000000000000000
000000000000000000000000
000000000000000000000000
000000000000000000000000
00000000000f010f010f010f
010000000000000000000000
000000000000000000000000
000000000000000000000000
000800000000000000080000
000000000008000000000000
000800000000000000080000
000000000008000000000000
000800000000000000080000
000000000008000000000000
000800000000000000080000
000000000008000000000000
000800000000000000080000
000000000008000000000000
000800000000000000080000
000000000008000000000000
000800000000000000080000
000200000000000200000000
000200000000000200000000
000200000000000200000000
000200000000000200000000
000200000000000200000000
000200000000000200000000
000200000000000200000000
000200000000000200000000
000200000000000200000000
000200000000000200000000
000200000000000200000000
000200000000000200000000
000200000000000200000000
000200000000000200000000
000200000000000200000000
000200000000000200000000
000200000000000200000000
000200000000000200000000
000200000000000200000000
000200000000000200000000
000101010102000000000002
000000000002000000000002
000000000002000000000002
000000000002000000000002
000000000002000000000000
000000000000000101010102
000000000002000000000002
000000000002000000000002
000000000002000000000002
000000000002000000000039
5f70039

1:f0411000004d12 01000000
    00000200010005060708
03000009090b000e09182c00
000000000000000000000000
000000000000000000000000
000009090909090909091e1e
1e1e1e1e1e1e1e1e1e1e1e1e
1e1e05050505050505053232
323232323232000100010001
000100000000000000000000
000000000000000000000000
000000000000000000000400
000004000000040000000400
000004000000040000000400
000004000000000000000800
000004000000040000000400
000004000000040000000400
000004000000040000000000
000008000000040000000400
000004000000040000000400
000004000000040000000400
000000000000080000000400
000004000000040000000400
000004000000040000000400
000004000000000000000800
000002000000000002000000
000002000000000002000000
000002000000000002000000
000002000000000002000000
000002000000000002000000
000002000000000002000000
000002000000000002000000
000002000000000002000000
000002000000000002000000
000002000000000002000000
000002000000000002000000
000002000000000002000000
000002000000000002000000
000002000000000002000000
000002000000000002000000
000002000000000002000000
000002000000000002000000
000002000000000002000000
000002000000000002000000
000002000000000002000000
000000000000000000000000
000000000000000000000000
000000000000000000000000
000000000000000000000000
000000000000000000000000
00000f010f010f010f010000
000000000000000000000000
000000000000000000000000
000000000000000000000800
000000000000080000000000
000008000000000000000800
000000000000080000000000
000008000000000000000800
000000000000080000000000
000008000000000000000800
000000000000080000000000
000008000000000000000800
000000000000080000000000
000008000000000000000800
000000000000080000000000
000008000000000000000800
000000000000080000000200
000000000200000000000200
000000000200000000000200
000000000200000000000200
000000000200000000000200
000000000200000000000200
000000000200000000000200
000000000200000000000200
000000000200000000000200
000000000200000000000200
000000000200000000000200
000000000200000000000200
000000000200000000000200
000000000200000000000200
000000000200000000000200
000000000200000000000200
000000000200000000000200
000000000200000000000200
000000000200000000000200
000000000200000000000200
000000000200000000000101
010102000000000002000000
000002000000000002000000
000002000000000002000000
000002000000000002000000
000002000000000000000000
000000000101010102000000
000002000000000002000000
000002000000000002000000
000002000000000002000000
0000020000000000 39f70039

2:
f0411000004d12 01000000 
00000200010005060708030000
09090b000e09182c00000000
000000000000000000000000
000000000000000000000009
090909090909091e1e1e1e1e
1e1e1e1e1e1e1e1e1e1e1e05
050505050505053232323232
323232000100010001000100
000000000000000000000000
000000000000000000000000
000000000000000400000004
000000040000000400000004
000000040000000400000004
000000000000000800000004
000000040000000400000004
000000040000000400000004
000000040000000000000008
000000040000000400000004
000000040000000400000004
000000040000000400000000
000000080000000400000004
000000040000000400000004
000000040000000400000004
000000000000000800000002
000000000002000000000002
000000000002000000000002
000000000002000000000002
000000000002000000000002
000000000002000000000002
000000000002000000000002
000000000002000000000002
000000000002000000000002
000000000002000000000002
000000000002000000000002
000000000002000000000002
000000000002000000000002
000000000002000000000002
000000000002000000000002
000000000002000000000002
000000000002000000000002
000000000002000000000002
000000000002000000000002
000000000002000000000002
000000000002000000000000
000000000000000000000000
000000000000000000000000
000000000000000000000000
000000000000000000000000
00000000000000000000000f
010f010f010f010000000000
000000000000000000000000
000000000000000000000000
000000000000000800000000
000000080000000000000008
000000000000000800000000
000000080000000000000008
000000000000000800000000
000000080000000000000008
000000000000000800000000
000000080000000000000008
000000000000000800000000
000000080000000000000008
000000000000000800000000
000000080000000000000008
000000000000000800000000
000000080000000200000000
000200000000000200000000
000200000000000200000000
000200000000000200000000
000200000000000200000000
000200000000000200000000
000200000000000200000000
000200000000000200000000
000200000000000200000000
000200000000000200000000
000200000000000200000000
000200000000000200000000
000200000000000200000000
000200000000000200000000
000200000000000200000000
000200000000000200000000
000200000000000200000000
000200000000000200000000
000200000000000200000000
000200000000000200000000
000200000000000101010102
000000000002000000000002
000000000002000000000002
000000000002000000000002
000000000002000000000002
000000000000000000000000
000101010102000000000002
000000000002000000000002
000000000002000000000002
000000000002000000000002
000000000039 5f700



