default settings:
patch bay
	1/2  mix A
	3/4  wave 3/4
	5/6  wave 5/6
	7/8  wave 7/8
	9/10 wave 9/10

preamp 1-8
	sens 0
	hi-z off
	phase off
	lo-cut off
	+48v off

	comp off
	threshold -20
	gain 0
	gate -inf
	att 20
	rel 200
	ratio 4.0

auto sens selected 1

reverb
type 3 small hall
delay 20
time 2.5
channels 1-10 -inf
return +0 db

mix A
pan 1-8 off-center
pan 9 off-left
pan 10 off-right
volume 1-10 +/- 1,2,3,4,5 db
master +0 db

F0 41 10 00 00 4D 12 01 00 00 00
00 00 02 00 01 00 05 06 07 08 # patchbay
03 # reverb type
00 00 09 09 0B # pre-delay
00 0E 09 18 2C # reverb time
00 00 00
00 00 00 00 00
00 00 00 00 00 00 00 00 # sens
00 00 00
00 00 00 00 00 00 00 00 # gate
09 09 09 09 09 09 09 09 # attack
1E 1E 1E 1E 1E 1E 1E 1E # release
1E 1E 1E 1E 1E 1E 1E 1E # threshold
05 05 05 05 05 05 05 05 # ratio
32 32 32 32 32 32 32 32 # gain
00 01 00 01 00 01 00 01
00 00 00 00 00 00 00 00
00 00 00 00 00 00 00 00
00 00 00 00 00 00 00 00
00 00 00 00 00 00 00 00
04 00 00 00 04 00 00 00 # pan A
04 00 00 00 04 00 00 00
04 00 00 00 04 00 00 00
04 00 00 00 04 00 00 00
00 00 00 00 08 00 00 00
04 00 00 00 04 00 00 00 # pan B
04 00 00 00 04 00 00 00
04 00 00 00 04 00 00 00
04 00 00 00 04 00 00 00
00 00 00 00 08 00 00 00
04 00 00 00 04 00 00 00 # pan C
04 00 00 00 04 00 00 00
04 00 00 00 04 00 00 00
04 00 00 00 04 00 00 00
00 00 00 00 08 00 00 00
04 00 00 00 04 00 00 00 # pan D
04 00 00 00 04 00 00 00
04 00 00 00 04 00 00 00
04 00 00 00 04 00 00 00
00 00 00 00 08 00 00 00
02 00 00 00 00 00 02 00 00 00 00 00 # volume A
02 00 00 00 00 00 02 00 00 00 00 00
02 00 00 00 00 00 02 00 00 00 00 00
02 00 00 00 00 00 02 00 00 00 00 00
02 00 00 00 00 00 02 00 00 00 00 00
02 00 00 00 00 00 02 00 00 00 00 00 # volume B
02 00 00 00 00 00 02 00 00 00 00 00
02 00 00 00 00 00 02 00 00 00 00 00
02 00 00 00 00 00 02 00 00 00 00 00
02 00 00 00 00 00 02 00 00 00 00 00
02 00 00 00 00 00 02 00 00 00 00 00 # volume C
02 00 00 00 00 00 02 00 00 00 00 00
02 00 00 00 00 00 02 00 00 00 00 00
02 00 00 00 00 00 02 00 00 00 00 00
02 00 00 00 00 00 02 00 00 00 00 00
02 00 00 00 00 00 02 00 00 00 00 00 # volume D
02 00 00 00 00 00 02 00 00 00 00 00
02 00 00 00 00 00 02 00 00 00 00 00
02 00 00 00 00 00 02 00 00 00 00 00
02 00 00 00 00 00 02 00 00 00 00 00
00 00 00 00 00 00 00 00 00 00 00 00 # reverb send
00 00 00 00 00 00 00 00 00 00 00 00
00 00 00 00 00 00 00 00 00 00 00 00
00 00 00 00 00 00 00 00 00 00 00 00
00 00 00 00 00 00 00 00 00 00 00 00
0F 01 0F 01 0F 01 0F 01
00 00 00 00 00 00 00 00
00 00 00 00 00 00 00 00
00 00 00 00 00 00 00 00
00 00 00 00 00 00 00 00
00 00 00 00 08 00 00 00 # DAW A pan
00 00 00 00 08 00 00 00
00 00 00 00 08 00 00 00
00 00 00 00 08 00 00 00
00 00 00 00 08 00 00 00
00 00 00 00 08 00 00 00 # DAW B pan
00 00 00 00 08 00 00 00
00 00 00 00 08 00 00 00
00 00 00 00 08 00 00 00
00 00 00 00 08 00 00 00
00 00 00 00 08 00 00 00 # DAW C pan
00 00 00 00 08 00 00 00
00 00 00 00 08 00 00 00
00 00 00 00 08 00 00 00
00 00 00 00 08 00 00 00
00 00 00 00 08 00 00 00 # DAW D pan
00 00 00 00 08 00 00 00
00 00 00 00 08 00 00 00
00 00 00 00 08 00 00 00
00 00 00 00 08 00 00 00
02 00 00 00 00 00 02 00 00 00 00 00 # DAW A volume
02 00 00 00 00 00 02 00 00 00 00 00
02 00 00 00 00 00 02 00 00 00 00 00
02 00 00 00 00 00 02 00 00 00 00 00
02 00 00 00 00 00 02 00 00 00 00 00
02 00 00 00 00 00 02 00 00 00 00 00 # DAW B volume
02 00 00 00 00 00 02 00 00 00 00 00
02 00 00 00 00 00 02 00 00 00 00 00
02 00 00 00 00 00 02 00 00 00 00 00
02 00 00 00 00 00 02 00 00 00 00 00
02 00 00 00 00 00 02 00 00 00 00 00 # DAW C volume
02 00 00 00 00 00 02 00 00 00 00 00
02 00 00 00 00 00 02 00 00 00 00 00
02 00 00 00 00 00 02 00 00 00 00 00
02 00 00 00 00 00 02 00 00 00 00 00
02 00 00 00 00 00 02 00 00 00 00 00 # DAW D volume
02 00 00 00 00 00 02 00 00 00 00 00
02 00 00 00 00 00 02 00 00 00 00 00
02 00 00 00 00 00 02 00 00 00 00 00
02 00 00 00 00 00 02 00 00 00 00 00
01 01 01 01
02 00 00 00 00 00 02 00 00 00 00 00
02 00 00 00 00 00 02 00 00 00 00 00
02 00 00 00 00 00 02 00 00 00 00 00
02 00 00 00 00 00 02 00 00 00 00 00
02 00 00 00 00 00 # reverb return
00 00 00 00 00 00 00 00
01 01 01 01
02 00 00 00 00 00 02 00 00 00 00 00
02 00 00 00 00 00 02 00 00 00 00 00
02 00 00 00 00 00 02 00 00 00 00 00
02 00 00 00 00 00 02 00 00 00 00 00
39 F7
