in:
1:
 010005 060708 030000 09090b
 000e09 182c00 000000 000000
 000000 000000 000000 000000
 000000 000000 000009 090909

out:
2:f0 41 10 00 00 4d 11 01 00 00 00 00 00 08 7a 7d f7

in:
1:
 090909 091e1e 1e1e1e 1e1e1e
 1e1e1e 1e1e1e 1e1e05 050505
 050505 053232 323232 323232
 000100 010001 000100 000000
 000000 000000 000000 000000
 000000 000000 000000 000000
 000000 000400 000004 000000
 040000 000400 000004 000000
 040000 000400 000004 000000
 000000 000800 000004 000000
 040000 000400 000004 000000
 040000 000400 000004 000000
 040000 000000 000008 000000
 040000 000400 000004 000000
 040000 000400 000004 000000
 040000 000400 000000 000000
 080000 000400 000004 000000
 040000 000400 000004 000000
 040000 000400 000004 000000
 000000 000800 000002 000000
 000002 000000 000002 000000
 000002 000000 000002 000000
 000002 000000 000002 000000
 000002 000000 000002 000000
 000002 000000 000002 000000
 000002 000000 000002 000000
 000002 000000 000002 000000
 000002 000000 000002 000000
 000002 000000 000002 000000
 000002 000000 000002 000000
 000002 000000 000002 000000
 000002 000000 000002 000000
 000002 000000 000002 000000
 000002 000000 000002 000000
 000002 000000 000002 000000
 000002 000000 000002 000000
 000002 000000 000002 000000
 000002 000000 000002 000000
 000002 000000 000002 000000
 000002 000000 000000 000000
 000000 000000 000000 000000
 000000 000000 000000 000000
 000000 000000 000000 000000
 000000 000000 000000 000000
 000000 000000 00000f 010f01
 0f010f 010000 000000 000000
 000000 000000 000000 000000
 000000 000000 000000 000000
 000000 000800 000000 000000
 080000 000000 000008 000000
 000000 000800 000000 000000
 080000 000000 000008 000000
 000000 000800 000000 000000
 080000 000000 000008 000000
 000000 000800 000000 000000
 080000 000000 000008 000000
 000000 000800 000000 000000
 080000 000000 000008 000000
 000000 000800 000000 000000
 080000 000000 000008 000000
 000000 000800 000000 000000
 080000 000200 000000 000200
 000000 000200 000000 000200
 000000 000200 000000 000200
 000000 000200 000000 000200
 000000 000200 000000 000200
 000000 000200 000000 000200
 000000 000200 000000 000200
 000000 000200 000000 000200
 000000 000200 000000 000200
 000000 000200 000000 000200
 000000 000200 000000 000200
 000000 000200 000000 000200
 000000 000200 000000 000200
 000000 000200 000000 000200
 000000 000200 000000 000200
 000000 000200 000000 000200
 000000 000200 000000 000200
 000000 000200 000000 000200
 000000 000200 000000 000200
 000000 000200 000000 000200
 000000 000101 010102 000000
 000002 000000 000002 000000
 000002 000000 000002 000000
 000002 000000 000002 000000
 000002 000000 000002 000000
 000000 000000 000000 000101
 010102 000000 000002 000000
 000002 000000 000002 000000
 000002 000000 000002 000000
 000002 000000 000002 000000
 0000
 36f7 0036

2:
 f04110 00004d12 0100 0000
     00 000203 010005
 060708 030000 09090b 000e09
 182c00 000000 000000 000000
 000000 000000 000000 000000
 000000 000009 090909 090909
 091e1e 1e1e1e 1e1e1e 1e1e1e
 1e1e1e 1e1e05 050505 050505
 053232 323232 323232 000100
 010001 000100 000000 000000
 000000 000000 000000 000000
 000000 000000 000000 000000
 000400 000004 000000 040000
 000400 000004 000000 040000
 000400 000004 000000 000000
 000800 000004 000000 040000
 000400 000004 000000 040000
 000400 000004 000000 040000
 000000 000008 000000 040000
 000400 000004 000000 040000
 000400 000004 000000 040000
 000400 000000 000000 080000
 000400 000004 000000 040000
 000400 000004 000000 040000
 000400 000004 000000 000000
 000800 000002 000000 000002
 000000 000002 000000 000002
 000000 000002 000000 000002
 000000 000002 000000 000002
 000000 000002 000000 000002
 000000 000002 000000 000002
 000000 000002 000000 000002
 000000 000002 000000 000002
 000000 000002 000000 000002
 000000 000002 000000 000002
 000000 000002 000000 000002
 000000 000002 000000 000002
 000000 000002 000000 000002
 000000 000002 000000 000002
 000000 000002 000000 000002
 000000 000002 000000 000002
 000000 000002 000000 000002
 000000 000002 000000 000002
 000000 000002 000000 000002
 000000 000002 000000 000002
 000000 000000 000000 000000
 000000 000000 000000 000000
 000000 000000 000000 000000
 000000 000000 000000 000000
 000000 000000 000000 000000
 000000 00000f 010f01 0f010f
 010000 000000 000000 000000
 000000 000000 000000 000000
 000000 000000 000000 000000
 000800 000000 000000 080000
 000000 000008 000000 000000
 000800 000000 000000 080000
 000000 000008 000000 000000
 000800 000000 000000 080000
 000000 000008 000000 000000
 000800 000000 000000 080000
 000000 000008 000000 000000
 000800 000000 000000 080000
 000000 000008 000000 000000
 000800 000000 000000 080000
 000000 000008 000000 000000
 000800 000000 000000 080000
 000200 000000 000200 000000
 000200 000000 000200 000000
 000200 000000 000200 000000
 000200 000000 000200 000000
 000200 000000 000200 000000
 000200 000000 000200 000000
 000200 000000 000200 000000
 000200 000000 000200 000000
 000200 000000 000200 000000
 000200 000000 000200 000000
 000200 000000 000200 000000
 000200 000000 000200 000000
 000200 000000 000200 000000
 000200 000000 000200 000000
 000200 000000 000200 000000
 000200 000000 000200 000000
 000200 000000 000200 000000
 000200 000000 000200 000000
 000200 000000 000200 000000
 000200 000000 000200 000000
 000101 010102 000000 000002
 000000 000002 000000 000002
 000000 000002 000000 000002
 000000 000002 000000 000002
 000000 000002 000000 000000
 000000 000000 000101 010102
 000000 000002 000000 000002
 000000 000002 000000 000002
 000000 000002 000000 000002
 000000 000002 000000 0000
 36f7 0036

1:
 f04110 00004d12 0100 0000
     00 000203 010005 060708
 030000 09090b 000e09 182c00
 000000 000000 000000 000000
 000000 000000 000000 000000
 000009 090909 090909 091e1e
 1e1e1e 1e1e1e 1e1e1e 1e1e1e
 1e1e05 050505 050505 053232
 323232 323232 000100 010001
 000100 000000 000000 000000
 000000 000000 000000 000000
 000000 000000 000000 000400
 000004 000000 040000 000400
 000004 000000 040000 000400
 000004 000000 000000 000800
 000004 000000 040000 000400
 000004 000000 040000 000400
 000004 000000 040000 000000
 000008 000000 040000 000400
 000004 000000 040000 000400
 000004 000000 040000 000400
 000000 000000 080000 000400
 000004 000000 040000 000400
 000004 000000 040000 000400
 000004 000000 000000 000800
 000002 000000 000002 000000
 000002 000000 000002 000000
 000002 000000 000002 000000
 000002 000000 000002 000000
 000002 000000 000002 000000
 000002 000000 000002 000000
 000002 000000 000002 000000
 000002 000000 000002 000000
 000002 000000 000002 000000
 000002 000000 000002 000000
 000002 000000 000002 000000
 000002 000000 000002 000000
 000002 000000 000002 000000
 000002 000000 000002 000000
 000002 000000 000002 000000
 000002 000000 000002 000000
 000002 000000 000002 000000
 000002 000000 000002 000000
 000002 000000 000002 000000
 000002 000000 000002 000000
 000000 000000 000000 000000
 000000 000000 000000 000000
 000000 000000 000000 000000
 000000 000000 000000 000000
 000000 000000 000000 000000
 00000f 010f01 0f010f 010000
 000000 000000 000000 000000
 000000 000000 000000 000000
 000000 000000 000000 000800
 000000 000000 080000 000000
 000008 000000 000000 000800
 000000 000000 080000 000000
 000008 000000 000000 000800
 000000 000000 080000 000000
 000008 000000 000000 000800
 000000 000000 080000 000000
 000008 000000 000000 000800
 000000 000000 080000 000000
 000008 000000 000000 000800
 000000 000000 080000 000000
 000008 000000 000000 000800
 000000 000000 080000 000200
 000000 000200 000000 000200
 000000 000200 000000 000200
 000000 000200 000000 000200
 000000 000200 000000 000200
 000000 000200 000000 000200
 000000 000200 000000 000200
 000000 000200 000000 000200
 000000 000200 000000 000200
 000000 000200 000000 000200
 000000 000200 000000 000200
 000000 000200 000000 000200
 000000 000200 000000 000200
 000000 000200 000000 000200
 000000 000200 000000 000200
 000000 000200 000000 000200
 000000 000200 000000 000200
 000000 000200 000000 000200
 000000 000200 000000 000200
 000000 000200 000000 000200
 000000 000200 000000 000101
 010102 000000 000002 000000
 000002 000000 000002 000000
 000002 000000 000002 000000
 000002 000000 000002 000000
 000002 000000 000000 000000
 000000 000101 010102 000000
 000002 000000 000002 000000
 000002 000000 000002 000000
 000002 000000 000002 000000
 000002 000000 0000
 36f70036

2:
 f0411000004d12 0100 0000
     00 000203 010005 060708 030000
 09090b 000e09 182c00 000000
 000000 000000 000000 000000
 000000 000000 000000 000009
 090909 090909 091e1e 1e1e1e
 1e1e1e 1e1e1e 1e1e1e 1e1e05
 050505 050505 053232 323232
 323232 000100 010001 000100
 000000 000000 000000 000000
 000000 000000 000000 000000
 000000 000000 000400 000004
 000000 040000 000400 000004
 000000 040000 000400 000004
 000000 000000 000800 000004
 000000 040000 000400 000004
 000000 040000 000400 000004
 000000 040000 000000 000008
 000000 040000 000400 000004
 000000 040000 000400 000004
 000000 040000 000400 000000
 000000 080000 000400 000004
 000000 040000 000400 000004
 000000 040000 000400 000004
 000000 000000 000800 000002
 000000 000002 000000 000002
 000000 000002 000000 000002
 000000 000002 000000 000002
 000000 000002 000000 000002
 000000 000002 000000 000002
 000000 000002 000000 000002
 000000 000002 000000 000002
 000000 000002 000000 000002
 000000 000002 000000 000002
 000000 000002 000000 000002
 000000 000002 000000 000002
 000000 000002 000000 000002
 000000 000002 000000 000002
 000000 000002 000000 000002
 000000 000002 000000 000002
 000000 000002 000000 000002
 000000 000002 000000 000002
 000000 000002 000000 000002
 000000 000002 000000 000002
 000000 000002 000000 000000
 000000 000000 000000 000000
 000000 000000 000000 000000
 000000 000000 000000 000000
 000000 000000 000000 000000
 000000 000000 000000 00000f
 010f01 0f010f 010000 000000
 000000 000000 000000 000000
 000000 000000 000000 000000
 000000 000000 000800 000000
 000000 080000 000000 000008
 000000 000000 000800 000000
 000000 080000 000000 000008
 000000 000000 000800 000000
 000000 080000 000000 000008
 000000 000000 000800 000000
 000000 080000 000000 000008
 000000 000000 000800 000000
 000000 080000 000000 000008
 000000 000000 000800 000000
 000000 080000 000000 000008
 000000 000000 000800 000000
 000000 080000 000200 000000
 000200 000000 000200 000000
 000200 000000 000200 000000
 000200 000000 000200 000000
 000200 000000 000200 000000
 000200 000000 000200 000000
 000200 000000 000200 000000
 000200 000000 000200 000000
 000200 000000 000200 000000
 000200 000000 000200 000000
 000200 000000 000200 000000
 000200 000000 000200 000000
 000200 000000 000200 000000
 000200 000000 000200 000000
 000200 000000 000200 000000
 000200 000000 000200 000000
 000200 000000 000200 000000
 000200 000000 000200 000000
 000200 000000 000200 000000
 000200 000000 000200 000000
 000200 000000 000101 010102
 000000 000002 000000 000002
 000000 000002 000000 000002
 000000 000002 000000 000002
 000000 000002 000000 000002
 000000 000000 000000 000000
 000101 010102 000000 000002
 000000 000002 000000 000002
 000000 000002 000000 000002
 000000 000002 000000 000002
 000000 0000
 36f7 0036

1:
 f04110 00004d 120002 000200 7cf7ff
2:
 f04110 00004d 120002 000200 7cf7ff
